image_width: 640
image_height: 480
camera_name: narrow_stereo/left
camera_matrix:
  rows: 3
  cols: 3
  data: [653.722629, 0.000000, 186.813396, 0.000000, 653.434042, 293.434058, 0.000000, 0.000000, 1.000000]
distortion_model: plumb_bob
distortion_coefficients:
  rows: 1
  cols: 5
  data: [-0.386376, 0.140298, -0.000754, -0.005223, 0.000000]
rectification_matrix:
  rows: 3
  cols: 3
  data: [0.999510, -0.030477, -0.007196, 0.030428, 0.999514, -0.006801, 0.007399, 0.006578, 0.999951]
projection_matrix:
  rows: 3
  cols: 4
  data: [985.284300, 0.000000, 295.564775, 0.000000, 0.000000, 985.284300, 276.984640, 0.000000, 0.000000, 0.000000, 1.000000, 0.000000]
