# oST version 5.0 parameters


[image]

width
640

height
480

[narrow_stereo/left]

camera matrix
653.722629 0.000000 186.813396
0.000000 653.434042 293.434058
0.000000 0.000000 1.000000

distortion
-0.386376 0.140298 -0.000754 -0.005223 0.000000

rectification
0.999510 -0.030477 -0.007196
0.030428 0.999514 -0.006801
0.007399 0.006578 0.999951

projection
985.284300 0.000000 295.564775 0.000000
0.000000 985.284300 276.984640 0.000000
0.000000 0.000000 1.000000 0.000000

# oST version 5.0 parameters


[image]

width
640

height
480

[narrow_stereo/right]

camera matrix
657.109075 0.000000 418.757219
0.000000 658.531852 254.282135
0.000000 0.000000 1.000000

distortion
-0.392247 0.149992 0.000962 0.004320 0.000000

rectification
0.999894 -0.012289 0.007847
0.012236 0.999902 0.006739
-0.007929 -0.006642 0.999947

projection
985.284300 0.000000 295.564775 -471.224276
0.000000 985.284300 276.984640 0.000000
0.000000 0.000000 1.000000 0.000000

