image_width: 640
image_height: 480
camera_name: narrow_stereo/right
camera_matrix:
  rows: 3
  cols: 3
  data: [657.109075, 0.000000, 418.757219, 0.000000, 658.531852, 254.282135, 0.000000, 0.000000, 1.000000]
distortion_model: plumb_bob
distortion_coefficients:
  rows: 1
  cols: 5
  data: [-0.392247, 0.149992, 0.000962, 0.004320, 0.000000]
rectification_matrix:
  rows: 3
  cols: 3
  data: [0.999894, -0.012289, 0.007847, 0.012236, 0.999902, 0.006739, -0.007929, -0.006642, 0.999947]
projection_matrix:
  rows: 3
  cols: 4
  data: [985.284300, 0.000000, 295.564775, -471.224276, 0.000000, 985.284300, 276.984640, 0.000000, 0.000000, 0.000000, 1.000000, 0.000000]
