image_width: 640
image_height: 480
camera_name: narrow_stereo
camera_matrix:
  rows: 3
  cols: 3
  data: [643.815111, 0.000000, 306.802962, 0.000000, 644.552118, 249.147439, 0.000000, 0.000000, 1.000000]
distortion_model: plumb_bob
distortion_coefficients:
  rows: 1
  cols: 5
  data: [0.022433, -0.071167, 0.004094, -0.003503, 0.000000]
rectification_matrix:
  rows: 3
  cols: 3
  data: [1.000000, 0.000000, 0.000000, 0.000000, 1.000000, 0.000000, 0.000000, 0.000000, 1.000000]
projection_matrix:
  rows: 3
  cols: 4
  data: [644.980164, 0.000000, 304.887909, 0.000000, 0.000000, 646.748108, 250.517856, 0.000000, 0.000000, 0.000000, 1.000000, 0.000000]
