image_width: 752
image_height: 480
camera_name: narrow_stereo
camera_matrix:
  rows: 3
  cols: 3
  data: [645.725354, 0.000000, 401.806296, 0.000000, 648.732112, 231.124864, 0.000000, 0.000000, 1.000000]
distortion_model: plumb_bob
distortion_coefficients:
  rows: 1
  cols: 5
  data: [-0.417881, 0.183639, -0.000174, 0.000472, 0.000000]
rectification_matrix:
  rows: 3
  cols: 3
  data: [1.000000, 0.000000, 0.000000, 0.000000, 1.000000, 0.000000, 0.000000, 0.000000, 1.000000]
projection_matrix:
  rows: 3
  cols: 4
  data: [542.308777, 0.000000, 411.991913, 0.000000, 0.000000, 608.849487, 229.864359, 0.000000, 0.000000, 0.000000, 1.000000, 0.000000]
